問１
（１）IP192,168,0,1 サブネットマスク255,255,255,0
ネットワークアドレス:192,168,0,0
ホストアドレス:192,168,0,0~192,168,0,254
ブロードキャストアドレス:192,168,0,255
IPアドレスクラス:クラスC

（２）IPアドレス192,168,0,1 サブネットマスク:255,255,0,0
ネットワークアドレス:192,168,0,0
ホストアドレス:192,168,0,1~192,168,255,254
ブロードキャストアドレス:192,168,255,255
IPアドレスクラス:クラスC

（３）IPアドレス:192,168,0,1 サブネットマスク:128,0,0,0
ネットワークアドレス:128,0,0,0
ホストアドレス:128,0,0,1~127,255,255,254
ブロードキャストアドレス:127,255,255,255
IPアドレスクラス:クラスC

(4)IPアドレス:172,16,0,1/30
ネットワークアドレス:172,16,0,0
ホストアドレス:172,16,0,1~172,16,0,2
ブロードキャストアドレス:172,16,0,3
IPアドレスクラス：クラスB

(5)IPアドレス:172,16,0,1/20 
ネットワークアドレス:172,16,0,0
ホストアドレス:172,16,0,1~172,16,15,254
ブロードキャストアドレス:172,16,15,255
IPアドレスクラス:クラスB

問２
(1)IPアドレス:192,168,0,0
クラスC
サブネットワーク：16のサブネット　４ビット必要
ホストアドレス:14個
サブネットマスク:1,1,1,1,1,1,1,1, 1,1,1,1,1,1,1,1, 1,1,1,1,1,1,1,1, 1,1,1,1,0,0,0,0, 28ビット
255,255,255,240

(2)IPアドレス:192,168,0,0
クラスC
サブネットワーク:32のサブネット 5ビット必要
ホストアドレス:6個
サブネットマスク:1,1,1,1,1,1,1,1, 1,1,1,1,1,1,1,1, 1,1,1,1,1,1,1,1, 1,1,1,1,1,0,0,0,  29ビット
255,255,255,252



,





